1.573534455974647130e+02 1.470143229975766417e+02
1.543730568535376619e+02 1.457408298732351000e+02
1.515388381552209012e+02 1.445104190602619667e+02
1.488446894414525161e+02 1.433227403467855083e+02
1.462845106511708480e+02 1.421774435209341902e+02
1.438522017233141241e+02 1.410741783708363073e+02
1.415416625968204301e+02 1.400125946846203249e+02
1.393467932106281069e+02 1.389923422504145094e+02
1.372614935036752684e+02 1.380130708563472979e+02
1.352796634149002273e+02 1.370744302905470988e+02
1.333952028832411258e+02 1.361760703411421787e+02
1.316020118476362484e+02 1.353176407962609744e+02
1.298939902470237371e+02 1.344987914440318377e+02
1.282650380203418479e+02 1.337191720725831772e+02
1.267090551065287940e+02 1.329784324700433160e+02
1.252199414445228030e+02 1.322762224245406628e+02
1.237915969732620596e+02 1.316121917242035977e+02
1.224179216316848056e+02 1.309859901571604439e+02
1.210928153587292400e+02 1.303972675115395816e+02
1.198101780933335760e+02 1.298456735754694193e+02
1.185639097744360413e+02 1.293308581370783372e+02
1.173477356241829312e+02 1.288545324994172745e+02
1.161546819975527143e+02 1.284266540252279469e+02
1.149776005327319552e+02 1.280592415921744589e+02
1.138093428679072900e+02 1.277643140779210995e+02
1.126427606412652409e+02 1.275538903601321152e+02
1.114707054909923727e+02 1.274399893164717525e+02
1.102860290552752787e+02 1.274346298246042153e+02
1.090815829723005237e+02 1.275498307621937641e+02
1.078502188802546584e+02 1.277976110069046030e+02
1.065847884173242903e+02 1.281899894364009924e+02
1.052822646949657326e+02 1.287347319091089730e+02
1.039561067177146043e+02 1.294225922065017471e+02
1.026238949633762019e+02 1.302400710908142969e+02
1.013032099097558500e+02 1.311736693242816330e+02
1.000116320346589021e+02 1.322098876691388227e+02
9.876674181589073953e+01 1.333352268876207916e+02
9.758611973125668726e+01 1.345361877419625500e+02
9.648734625856205582e+01 1.357992709943991656e+02
9.548800187561218422e+01 1.371109774071656204e+02
9.460566706021248251e+01 1.384578077424968683e+02
9.385187893218709121e+01 1.398286637689506904e+02
9.321400117943562691e+01 1.412220512803757231e+02
9.267335413187660720e+01 1.426388770769433165e+02
9.221125811942845019e+01 1.440800479588248209e+02
9.180903347200968767e+01 1.455464707261915578e+02
9.144800051953878040e+01 1.470390521792149912e+02
9.110947959193418910e+01 1.485586991180663574e+02
9.077479101911444559e+01 1.501063183429170920e+02
9.042525513099795376e+01 1.516828166539384881e+02
9.004219225750323119e+01 1.532891008513019813e+02
8.961157295974437886e+01 1.549247197695785303e+02
8.913796872361807289e+01 1.565837903809379270e+02
8.863060126621661539e+01 1.582590716919494866e+02
8.809869230463230849e+01 1.599433227091827234e+02
8.755146355595742591e+01 1.616293024392070095e+02
8.699813673728429819e+01 1.633097698885916884e+02
8.644793356570522747e+01 1.649774840639062177e+02
8.591007575831251586e+01 1.666252039717200546e+02
8.539378503219843708e+01 1.682456886186025145e+02
8.490828310445530747e+01 1.698316970111229978e+02
8.445993150932979177e+01 1.713767372745281818e+02
8.404365104968593414e+01 1.728773140087735953e+02
8.365150234554216979e+01 1.743306809324919016e+02
8.327554601691689129e+01 1.757340917643159059e+02
8.290784268382851963e+01 1.770848002228783002e+02
8.254045296629544737e+01 1.783800600268118330e+02
8.216543748433613814e+01 1.796171248947492529e+02
8.177485685796898451e+01 1.807932485453232800e+02
8.136077170721236484e+01 1.819056846971666062e+02
8.091524265208474276e+01 1.829516870689120935e+02
8.043198690363840342e+01 1.839331456479374935e+02
7.991134803706133027e+01 1.848704954966014498e+02
7.935532621857531410e+01 1.857888079460076085e+02
7.876592161440227358e+01 1.867131543272598151e+02
7.814513439076401369e+01 1.876686059714616874e+02
7.749496471388241048e+01 1.886802342097169571e+02
7.681741274997929736e+01 1.897731103731293558e+02
7.611447866527653616e+01 1.909723057928026435e+02
7.538816262599597451e+01 1.923028917998404665e+02
7.464046479835946002e+01 1.937899397253465850e+02
7.387475307645193823e+01 1.954483536563722623e+02
7.309986626581058999e+01 1.972523687037588616e+02
7.232601089983567988e+01 1.991660527342954765e+02
7.156339351192752929e+01 2.011534736147709452e+02
7.082222063548640278e+01 2.031786992119741910e+02
7.011269880391253650e+01 2.052057973926943646e+02
6.944503455060626607e+01 2.071988360237203040e+02
6.882943440896782761e+01 2.091218829718409324e+02
6.827610491239754253e+01 2.109390061038452870e+02
6.779525259429564699e+01 2.126142732865222911e+02
6.739394952602859235e+01 2.141232564170610715e+02
6.706672993082761991e+01 2.154875435142510867e+02
6.680499356989000148e+01 2.167402266272820270e+02
6.660014020441312255e+01 2.179143978053434694e+02
6.644356959559436859e+01 2.190431490976251041e+02
6.632668150463111090e+01 2.201595725533165080e+02
6.624087569272063547e+01 2.212967602216073431e+02
6.617755192106032780e+01 2.224878041516872429e+02
6.612810995084757337e+01 2.237657963927458127e+02
6.608394954327968662e+01 2.251638289939727144e+02
6.603908406457117053e+01 2.267053851071251529e+02
6.599798130100506910e+01 2.283755122942307594e+02
6.596772264388145857e+01 2.301496492198846227e+02
6.595538948450051464e+01 2.320032345486819736e+02
6.596806321416237040e+01 2.339117069452180147e+02
6.601282522416715892e+01 2.358505050740879199e+02
6.609675690581502749e+01 2.377950675998868633e+02
6.622693965040606656e+01 2.397208331872100189e+02
6.641045484924048026e+01 2.416032405006525892e+02
6.665438389361835902e+01 2.434177282048097766e+02
6.696419256030853262e+01 2.451461308869940297e+02
6.733888416795458909e+01 2.467958668253871792e+02
6.777584642066877052e+01 2.483807502208884443e+02
6.827246702256334743e+01 2.499145952743969588e+02
6.882613367775054769e+01 2.514112161868119131e+02
6.943423409034264182e+01 2.528844271590324126e+02
7.009415596445187191e+01 2.543480423919576481e+02
7.080328700419052268e+01 2.558158760864868384e+02
7.155901491367082201e+01 2.573017424435190605e+02
7.235872739700502621e+01 2.588194556639534767e+02
7.319966797096117261e+01 2.603794047109598182e+02
7.407850340293020963e+01 2.619782775967898942e+02
7.499175627295903723e+01 2.636093370959662820e+02
7.593594916109434223e+01 2.652658459830111042e+02
7.690760464738289670e+01 2.669410670324469379e+02
7.790324531187155799e+01 2.686282630187961331e+02
7.891939373460701290e+01 2.703206967165810966e+02
7.995257249563609037e+01 2.720116309003242918e+02
8.099930417500554825e+01 2.736943283445478983e+02
8.205611135276217283e+01 2.753620518237744932e+02
8.312113853851072065e+01 2.770085239285229477e+02
8.419901796008774397e+01 2.786293065132977631e+02
8.529600377488777951e+01 2.802204212486001325e+02
8.641835014030539242e+01 2.817778898049311920e+02
8.757231121373510518e+01 2.832977338527919073e+02
8.876414115257144033e+01 2.847759750626834148e+02
9.000009411420896299e+01 2.862086351051069073e+02
9.128642425604220989e+01 2.875917356505632938e+02
9.262938573546574617e+01 2.889212983695538242e+02
9.403523270987405169e+01 2.901933449325795777e+02
9.550729841187612124e+01 2.914054829838852356e+02
9.703723237493873910e+01 2.925616640626902836e+02
9.861376320774294868e+01 2.936674256819576954e+02
1.002256195189700207e+02 2.947283053546505585e+02
1.018615299173010271e+02 2.957498405937320740e+02
1.035102230114171959e+02 2.967375689121652158e+02
1.051604274099996701e+02 2.976970278229130145e+02
1.068008717217295924e+02 2.986337548389386711e+02
1.084202845552881342e+02 2.995532874732050459e+02
1.100073945193564668e+02 3.004611632386753399e+02
1.115547172143463115e+02 3.013623907151953176e+02
1.130699162075915893e+02 3.022598627501409965e+02
1.145644420581569563e+02 3.031559432577712982e+02
1.160497453251070112e+02 3.040529961523451448e+02
1.175372765675062539e+02 3.049533853481211736e+02
1.190384863444192689e+02 3.058594747593582497e+02
1.205648252149105559e+02 3.067736283003152380e+02
1.221277437380448276e+02 3.076982098852510035e+02
1.237386924728864699e+02 3.086355834284242405e+02
1.254091219785002096e+02 3.095881128440938710e+02
1.271473827214192482e+02 3.105558396334928943e+02
1.289494247980516377e+02 3.115295156457506209e+02
1.308080982122743876e+02 3.124975703169710641e+02
1.327162529679641523e+02 3.134484330832575552e+02
1.346667390689979129e+02 3.143705333807141074e+02
1.366524065192523949e+02 3.152523006454441088e+02
1.386661053226044658e+02 3.160821643135514023e+02
1.407006854829309646e+02 3.168485538211396602e+02
1.427489970041087872e+02 3.175398986043124978e+02
1.448038898900146023e+02 3.181446280991736444e+02
1.468588414420152617e+02 3.186552859835442177e+02
1.489098381514368157e+02 3.190808729021149475e+02
1.509534938070950147e+02 3.194345037412940087e+02
1.529864221978058936e+02 3.197292933874895198e+02
1.550052371123852879e+02 3.199783567271097127e+02
1.570065523396492040e+02 3.201948086465627625e+02
1.589869816684135060e+02 3.203917640322568445e+02
1.609431388874940296e+02 3.205823377706001338e+02
1.628716377857067528e+02 3.207796447480006918e+02
1.647690921518675111e+02 3.209967998508669211e+02
1.666332771117145626e+02 3.212441920987697017e+02
1.684666131386750578e+02 3.215213070439322678e+02
1.702726820430981718e+02 3.218249043717405016e+02
1.720550656353335057e+02 3.221517437675803421e+02
1.738173457257303482e+02 3.224985849168378422e+02
1.755631041246381017e+02 3.228621875048989409e+02
1.772959226424061399e+02 3.232393112171495773e+02
1.790193830893838935e+02 3.236267157389758040e+02
1.807370672759206798e+02 3.240211607557636171e+02
1.824525570123659293e+02 3.244194059528988987e+02
1.841687249386928045e+02 3.248164437261433477e+02
1.858856070133702758e+02 3.252001973127610768e+02
1.876025300244908465e+02 3.255568226603918447e+02
1.893188207601471333e+02 3.258724757166755239e+02
1.910338060084320091e+02 3.261333124292518164e+02
1.927468125574378348e+02 3.263254887457604241e+02
1.944571671952575400e+02 3.264351606138412762e+02
1.961641967099835995e+02 3.264484839811340748e+02
1.978672278897087153e+02 3.263516147952786923e+02
1.995655875225255897e+02 3.261307090039147170e+02
2.012585664380580397e+02 3.257788654082648918e+02
2.029453116320548247e+02 3.253169542238830445e+02
2.046249341417960750e+02 3.247727885199056459e+02
2.062965450045616365e+02 3.241741813654694511e+02
2.079592552576315256e+02 3.235489458297110446e+02
2.096121759382858443e+02 3.229248949817670109e+02
2.112544180838044667e+02 3.223298418907739347e+02
2.128850927314675232e+02 3.217915996258684572e+02
2.145033109185549165e+02 3.213379812561872200e+02
2.161081836823466347e+02 3.209967998508668074e+02
2.176996750643740199e+02 3.207886886878981727e+02
2.192811611231729785e+02 3.207055618806895154e+02
2.208568709215311117e+02 3.207321537515032901e+02
2.224310335222356514e+02 3.208531986226021786e+02
2.240078779880739148e+02 3.210534308162485786e+02
2.255916333818332760e+02 3.213175846547051151e+02
2.271865287663011941e+02 3.216303944602343563e+02
2.287967932042648442e+02 3.219765945550985862e+02
2.304266557585117141e+02 3.223409192615606571e+02
2.320803454918290925e+02 3.227081029018829099e+02
2.337609971458695099e+02 3.230652613414163739e+02
2.354673681777465788e+02 3.234090366178654108e+02
2.371971217234388973e+02 3.237384523120232416e+02
2.389479209189253481e+02 3.240525320046825755e+02
2.407174289001845580e+02 3.243502992766364059e+02
2.425033088031952104e+02 3.246307777086777264e+02
2.443032237639361313e+02 3.248929908815994168e+02
2.461148369183859757e+02 3.251359623761944135e+02
2.479358114025235125e+02 3.253587157732557102e+02
2.497638103523274822e+02 3.255602746535761867e+02
2.515960281436119601e+02 3.257401683884925205e+02
2.534277841115333274e+02 3.258999495115166383e+02
2.552539288310831012e+02 3.260416763467039232e+02
2.570693128772528553e+02 3.261674072181100996e+02
2.588687868250344764e+02 3.262792004497906078e+02
2.606472012494193677e+02 3.263791143658011151e+02
2.623994067253992739e+02 3.264692072901970050e+02
2.641202538279659962e+02 3.265515375470340018e+02
2.658045931321108810e+02 3.266281634603676025e+02
2.674472752128257866e+02 3.267011433542534178e+02
2.690449791381944920e+02 3.267715534535855113e+02
2.706016979486693117e+02 3.268365415866121566e+02
2.721232531777948225e+02 3.268922734824203076e+02
2.736154663591154872e+02 3.269349148700966907e+02
2.750841590261757688e+02 3.269606314787282599e+02
2.765351527125203575e+02 3.269655890374018554e+02
2.779742689516936025e+02 3.269459532752042605e+02
2.794073292772400805e+02 3.268978899212224292e+02
2.808401552227044249e+02 3.268175647045432015e+02
2.822785683216308144e+02 3.267011433542533609e+02
2.837283901075641097e+02 3.265447915994398613e+02
2.851954421140486602e+02 3.263446751691894860e+02
2.866855458746290424e+02 3.260969597925891321e+02
2.882045229228497192e+02 3.257978111987256398e+02
2.897581947922552104e+02 3.254433951166859060e+02
2.913523830163900925e+02 3.250298772755566574e+02
2.929929091287988854e+02 3.245534234044248478e+02
2.946855946630258813e+02 3.240101992323774311e+02
2.964362611526159981e+02 3.233963704885010770e+02
2.982507301311133006e+02 3.227081029018826825e+02
3.001348231320626496e+02 3.219415622016091447e+02
3.020943616890083945e+02 3.210929141167673606e+02
3.041351673354950549e+02 3.201583243764441704e+02
3.062630616050672643e+02 3.191339587097263575e+02
3.084838660312694856e+02 3.180159828457008757e+02
3.108034021476460680e+02 3.168005625134545085e+02
3.132274914877417586e+02 3.154838634420740959e+02
3.157619555851009636e+02 3.140620513606465352e+02
3.184126159732681458e+02 3.125312919982587232e+02
