1.748476666873796148e+02 1.273270055303548247e+02
1.732067378617531119e+02 1.270569876179596349e+02
1.715761070916553308e+02 1.268277078806619613e+02
1.699552653455016014e+02 1.266320990673323763e+02
1.683437035917072819e+02 1.264630939268413385e+02
1.667409127986878445e+02 1.263136252080593067e+02
1.651463839348585054e+02 1.261766256598567963e+02
1.635596079686347082e+02 1.260450280311043088e+02
1.619800758684318680e+02 1.259117650706722742e+02
1.604072786026652579e+02 1.257697695274312508e+02
1.588407071397502932e+02 1.256119741502516831e+02
1.572798524481023321e+02 1.254313116880040866e+02
1.557242054961367614e+02 1.252207148895589057e+02
1.541732572522689111e+02 1.249731165037866845e+02
1.526264986849142247e+02 1.246814492795578957e+02
1.510834207624879753e+02 1.243386459657429839e+02
1.495435144534056064e+02 1.239376393112125072e+02
1.480062707260824197e+02 1.234713620648368959e+02
1.464711805489338303e+02 1.229327469754866655e+02
1.449377348903752249e+02 1.223147267920322889e+02
1.434054247188218767e+02 1.216102342633442817e+02
1.418719633257670694e+02 1.208181260351692146e+02
1.403279532950152770e+02 1.199609543407581498e+02
1.387622195334488708e+02 1.190671953102382048e+02
1.371635869479501650e+02 1.181653250737365397e+02
1.355208804454014739e+02 1.172838197613803004e+02
1.338229249326851402e+02 1.164511555032966470e+02
1.320585453166835350e+02 1.156958084296126970e+02
1.302165665042789726e+02 1.150462546704555962e+02
1.282858134023537957e+02 1.145309703559525332e+02
1.262551109177903186e+02 1.141784316162306254e+02
1.241209663422862803e+02 1.140094259534601946e+02
1.219106165068009915e+02 1.140139863579843649e+02
1.196589806271090879e+02 1.141744571921894078e+02
1.174009779189852196e+02 1.144731828184616518e+02
1.151715275982040652e+02 1.148925075991873541e+02
1.130055488805403172e+02 1.154147758967527864e+02
1.109379609817686401e+02 1.160223320735443053e+02
1.090036831176636554e+02 1.166975204919481399e+02
1.072376345040000558e+02 1.174226855143506469e+02
1.056747343565525057e+02 1.181801715031380411e+02
1.043392436968107546e+02 1.189548580277064644e+02
1.032127907691246662e+02 1.197417654854910865e+02
1.022663456235592605e+02 1.205384494809369613e+02
1.014708783101795291e+02 1.213424656184890438e+02
1.007973588790504351e+02 1.221513695025923738e+02
1.002167573802369560e+02 1.229627167376919630e+02
9.970004386380408334e+01 1.237740629282327802e+02
9.921818837981680872e+01 1.245829636786598513e+02
9.874216097834009531e+01 1.253869745934181736e+02
9.824293170943892051e+01 1.261836512769527587e+02
9.769669380491423283e+01 1.269715271963865035e+02
9.710053322351075167e+01 1.277530472695537327e+02
9.645675910570911071e+01 1.285316342769667131e+02
9.576768059198998628e+01 1.293107109991377115e+02
9.503560682283404049e+01 1.300937002165789806e+02
9.426284693872194964e+01 1.308840247098026737e+02
9.345171008013436165e+01 1.316851072593211427e+02
9.260450538755192440e+01 1.325003706456466261e+02
9.172354200145534264e+01 1.333332376492913056e+02
9.081112906232523585e+01 1.341871310507674480e+02
8.987020304339074528e+01 1.350636003898796105e+02
8.890620974887498562e+01 1.359567022436017680e+02
8.792522231574943703e+01 1.368586199482000723e+02
8.693331388098570756e+01 1.377615368399407316e+02
8.593655758155530577e+01 1.386576362550900114e+02
8.494102655442976868e+01 1.395391015299141202e+02
8.395279393658067590e+01 1.403981160006792379e+02
8.297793286497955023e+01 1.412268630036516868e+02
8.202251647659791445e+01 1.420175258750975900e+02
8.109261790840734818e+01 1.427622879512832128e+02
8.019286623304326156e+01 1.434564176058673866e+02
7.932211426579635827e+01 1.441075233620792915e+02
7.847777075762127197e+01 1.447262987805408443e+02
7.765724445947259369e+01 1.453234374218738196e+02
7.685794412230491446e+01 1.459096328467000774e+02
7.607727849707283951e+01 1.464955786156414774e+02
7.531265633473097409e+01 1.470919682893197944e+02
7.456148638623392344e+01 1.477094954283569166e+02
7.382117740253627858e+01 1.483588535933746186e+02
7.308913813459264475e+01 1.490507363449947889e+02
7.236220948668676556e+01 1.497939454918770252e+02
7.163496097641892391e+01 1.505897158348320204e+02
7.090139427471855527e+01 1.514373904227083472e+02
7.015551105251510933e+01 1.523363123043544363e+02
6.939131298073800735e+01 1.532858245286188321e+02
6.860280173031665640e+01 1.542852701443500223e+02
6.778397897218057722e+01 1.553339922003964944e+02
6.692884637725913421e+01 1.564313337456067359e+02
6.603140561648179130e+01 1.575766378288292628e+02
6.508565836077796973e+01 1.587692474989126197e+02
6.408932173209669259e+01 1.600078426810212306e+02
6.305497465646543986e+01 1.612884508055835511e+02
6.199891151093122943e+01 1.626064361793438309e+02
6.093742667254107204e+01 1.639571631090465473e+02
5.988681451834205660e+01 1.653359959014360641e+02
5.886336942538120809e+01 1.667382988632566594e+02
5.788338577070555147e+01 1.681594363012527822e+02
5.696315793136211880e+01 1.695947725221687961e+02
5.611898028439795638e+01 1.710396718327490362e+02
5.536714720686011759e+01 1.724894985397379230e+02
5.472052098379540297e+01 1.739407311338178488e+02
5.417823553224974376e+01 1.753943048414238035e+02
5.373599267726886808e+01 1.768522690729286921e+02
5.338949424389846854e+01 1.783166732387055617e+02
5.313444205718426616e+01 1.797895667491273173e+02
5.296653794217196065e+01 1.812729990145670627e+02
5.288148372390728014e+01 1.827690194453977597e+02
5.287498122743591722e+01 1.842796774519923417e+02
5.294273227780359292e+01 1.858070224447237990e+02
5.308043870005601406e+01 1.873531038339652355e+02
5.328352504793955546e+01 1.889184641265279083e+02
5.354630679000325699e+01 1.904976182149769670e+02
5.386282212349683363e+01 1.920835740883157996e+02
5.422710924566997193e+01 1.936693397355479647e+02
5.463320635377240109e+01 1.952479231456768503e+02
5.507515164505381478e+01 1.968123323077059297e+02
5.554698331676389955e+01 1.983555752106386478e+02
5.604273956615240593e+01 1.998706598434785633e+02
5.655645859046899204e+01 2.013505941952290073e+02
5.708217858696337998e+01 2.027883862548935383e+02
5.761562054444932812e+01 2.041785273790236204e+02
5.815923661799682520e+01 2.055214423943629640e+02
5.871716175423987494e+01 2.068190394952032420e+02
5.929353089981250946e+01 2.080732268758361840e+02
5.989247900134876090e+01 2.092859127305534912e+02
6.051814100548264008e+01 2.104590052536468932e+02
6.117465185884817913e+01 2.115944126394080627e+02
6.186614650807939597e+01 2.126940430821287578e+02
6.259675989981032274e+01 2.137598047761006796e+02
6.337062698067498445e+01 2.147936059156155579e+02
6.418943054223744582e+01 2.157975015453480978e+02
6.504504475578184497e+01 2.167741341115051910e+02
6.592689163752237391e+01 2.177262929106767331e+02
6.682439320367329572e+01 2.186567672394525914e+02
6.772697147044870292e+01 2.195683463944226332e+02
6.862404845406287279e+01 2.204638196721767827e+02
6.950504617072994051e+01 2.213459763693049638e+02
7.035938663666412651e+01 2.222176057823970154e+02
7.117649186807966544e+01 2.230814972080428618e+02
7.194578388119069245e+01 2.239404399428323700e+02
7.266366716667386072e+01 2.247957241914019733e+02
7.335447611305554005e+01 2.256426437905742546e+02
7.404952758332447615e+01 2.264749934852184197e+02
7.478013844046948577e+01 2.272865680202035037e+02
7.557762554747932882e+01 2.280711621403987124e+02
7.647330576734280783e+01 2.288225705906731378e+02
7.749849596304871113e+01 2.295345881158959571e+02
7.868451299758579864e+01 2.302010094609362909e+02
8.006267373394285869e+01 2.308156293706632312e+02
8.166429503510870802e+01 2.313722425899460120e+02
8.350893627233318739e+01 2.318659199640708550e+02
8.556912684991034723e+01 2.322968367399929548e+02
8.780563868039544673e+01 2.326664442650846354e+02
9.017924367634378768e+01 2.329761938867182209e+02
9.265071375031051559e+01 2.332275369522660640e+02
9.518082081485080437e+01 2.334219248091004317e+02
9.773033678251981371e+01 2.335608088045936768e+02
1.002600335658729165e+02 2.336456402861181800e+02
1.027306830774651161e+02 2.336778706010461804e+02
1.051030572298518422e+02 2.336589510967501155e+02
1.073465331861129073e+02 2.335913012279004874e+02
1.094649091114271187e+02 2.334812128783610490e+02
1.114705884214981779e+02 2.333359460392937024e+02
1.133759745320295167e+02 2.331627607018604635e+02
1.151934708587248650e+02 2.329689168572232916e+02
1.169354808172876830e+02 2.327616744965441455e+02
1.186144078234215300e+02 2.325482936109849561e+02
1.202426552928300794e+02 2.323360341917077108e+02
1.218326266412168479e+02 2.321321562298743686e+02
1.233967252842853668e+02 2.319439197166469455e+02
1.249452715039405462e+02 2.317762944992105645e+02
1.264802530468922015e+02 2.316250898488432313e+02
1.280015745260514279e+02 2.314838248928463145e+02
1.295091405543294059e+02 2.313460187585209553e+02
1.310028557446371735e+02 2.312051905731684940e+02
1.324826247098858971e+02 2.310548594640902138e+02
1.339483520629867144e+02 2.308885445585873413e+02
1.353999424168506778e+02 2.306997649839611313e+02
1.368373003843889819e+02 2.304820398675128388e+02
1.382603305785126224e+02 2.302288883365438039e+02
1.396698082510564802e+02 2.299345901843169315e+02
1.410699912095499258e+02 2.295964678679422946e+02
1.424660079004457884e+02 2.292126045104916159e+02
1.438629867701972103e+02 2.287810832350366184e+02
1.452660562652571059e+02 2.282999871646490817e+02
1.466803448320785037e+02 2.277673994224007288e+02
1.481109809171144036e+02 2.271814031313633109e+02
1.495630929668178055e+02 2.265400814146086077e+02
1.510418094276415673e+02 2.258415173952083421e+02
1.525522587460389445e+02 2.250837941962342086e+02
1.540981699465667987e+02 2.242676724836480560e+02
1.556776743661991418e+02 2.234046230949715266e+02
1.572875039200138758e+02 2.225087944106164173e+02
1.589243905230887890e+02 2.215943348109945248e+02
1.605850660905020106e+02 2.206753926765175891e+02
1.622662625373313290e+02 2.197661163875973784e+02
1.639647117786548449e+02 2.188806543246455760e+02
1.656771457295504035e+02 2.180331548680740070e+02
1.674002963050959067e+02 2.172377663982944114e+02
1.691308954203694555e+02 2.165086372957185290e+02
1.708652569449682801e+02 2.158570202601368635e+02
1.725980225665673231e+02 2.152825852688550583e+02
1.743234159273611965e+02 2.147821066185573216e+02
1.760356606695441428e+02 2.143523586059280603e+02
1.777289804353105467e+02 2.139901155276515681e+02
1.793975988668549348e+02 2.136921516804122234e+02
1.810357396063716067e+02 2.134552413608942629e+02
1.826376262960551173e+02 2.132761588657820653e+02
1.841974825780997378e+02 2.131516784917599807e+02
1.857095320946998811e+02 2.130785745355123026e+02
1.871693550604881580e+02 2.130533796392910801e+02
1.885779579798493160e+02 2.130716598276193281e+02
1.899377039296064424e+02 2.131287394705877887e+02
1.912509559865825111e+02 2.132199429382872040e+02
1.925200772276004102e+02 2.133405946008082594e+02
1.937474307294832272e+02 2.134860188282417539e+02
1.949353795690539073e+02 2.136515399906783728e+02
1.960862868231353957e+02 2.138324824582088581e+02
1.972025155685507514e+02 2.140241706009239806e+02
1.982864288821228911e+02 2.142219287889144255e+02
1.993416700447967287e+02 2.144215136278610601e+02
2.003770031540048819e+02 2.146204106658050534e+02
2.014024725113017382e+02 2.148165376863777283e+02
2.024281224182418839e+02 2.150078124732103504e+02
2.034639971763798201e+02 2.151921528099342424e+02
2.045201410872699626e+02 2.153674764801806418e+02
2.056065984524668977e+02 2.155317012675808712e+02
2.067334135735249845e+02 2.156827449557663101e+02
2.079106307519988661e+02 2.158185253283680822e+02
2.091482942894429584e+02 2.159369601690176239e+02
2.104534011612461484e+02 2.160356233276714590e+02
2.118207590381351508e+02 2.161107129195873426e+02
2.132421282646711518e+02 2.161580831263483731e+02
2.147092691854150814e+02 2.161735881295375918e+02
2.162139421449282395e+02 2.161530821107380689e+02
2.177479074877716698e+02 2.160924192515328457e+02
2.193029255585064448e+02 2.159874537335049922e+02
2.208707567016937503e+02 2.158340397382376068e+02
2.224431612618946019e+02 2.156280314473137594e+02
2.240118995836702425e+02 2.153652830423164346e+02
2.255699226009680842e+02 2.150431638810641459e+02
2.271149436052813826e+02 2.146651040263172092e+02
2.286458664774898182e+02 2.142360487170710712e+02
2.301615950984728443e+02 2.137609431923214913e+02
2.316610333491101983e+02 2.132447326910641152e+02
2.331430851102814188e+02 2.126923624522945317e+02
2.346066542628661296e+02 2.121087777150083866e+02
2.360506446877440396e+02 2.114989237182013255e+02
2.374739602657946023e+02 2.108677457008689373e+02
2.388755048778975265e+02 2.102201889020069245e+02
2.402541824049324362e+02 2.095611985606108760e+02
2.416088967277789266e+02 2.088957199156764659e+02
2.429385517273165647e+02 2.082286982061992546e+02
2.442420512844250595e+02 2.075650786711749731e+02
2.455182992799838644e+02 2.069098065495992103e+02
2.467661995948727451e+02 2.062678270804675833e+02
2.479846561099712687e+02 2.056440855027757664e+02
2.491725727061589737e+02 2.050435270555193483e+02
2.503288532643155975e+02 2.044710969776940033e+02
2.514524016653206502e+02 2.039317405082953769e+02
2.525421217900537840e+02 2.034304028863190581e+02
2.535969175193946512e+02 2.029720293507607209e+02
2.546156927342227618e+02 2.025615651406159543e+02
2.555973513154177965e+02 2.022039554948804323e+02
2.565407971438593790e+02 2.019041456525497722e+02
2.574449341004271332e+02 2.016670808526196481e+02
2.583086660660006828e+02 2.014977063340855921e+02
2.591308969214595095e+02 2.014009673359433634e+02
2.599105305476832655e+02 2.013818090971885510e+02
